Pos,Squadra,Punti,Giocate,Vinte,Nulle,Perse,GF,GS,DR
1,Toulouse,79,38,23,10,5,82,33,49
2,Ajaccio,75,38,22,9,7,39,19,20
3,Auxerre,74,38,21,11,6,61,39,22
4,Paris FC,70,38,20,10,8,54,35,19
5,Sochaux,68,38,19,11,8,47,34,13
6,Guingamp,58,38,15,13,10,52,48,4
7,Caen,50,38,13,11,14,51,42,9
8,Le Havre,50,38,13,11,14,38,41,-3
9,Nimes,49,38,14,7,17,44,51,-7
10,Pau FC,49,38,14,7,17,41,49,-8
11,Dijon,47,38,13,8,17,48,53,-5
12,Bastia,46,38,10,16,12,38,36,2
13,Niort,46,38,12,10,16,39,42,-3
14,Amiens,44,38,9,17,12,43,41,2
15,Grenoble,44,38,12,8,18,32,44,-12
16,Valenciennes,44,38,10,14,14,34,47,-13
17,Rodez,43,38,10,13,15,32,42,-10
18,Quevilly Rouen,40,38,10,10,18,33,50,-17
19,Dunkerque,31,38,8,7,23,28,53,-25
20,Nancy,27,38,6,9,23,32,69,-37
